 KNEW   NBM V4.3 NBH GUIDANCE    5/02/2026  0700 UTC                            
 UTC  08 09 10 11 12 13 14 15 16 17 18 19 20 21 22 23 00 01 02 03 04 05 06 07 08
 TMP  59 59 59 59 59 59 61 62 64 66 67 69 70 71 71 71 70 68 67 66 65 65 64 64 63
 TSD   1  1  1  1  1  1  1  2  2  2  3  3  3  3  3  3  3  3  3  2  3  3  3  3  3
 DPT  57 57 56 56 56 55 55 55 55 55 55 54 53 52 51 51 51 51 50 50 50 50 50 50 50
 DSD   1  1  1  1  1  1  1  1  2  2  2  2  3  3  3  3  3  3  3  2  3  3  3  3  3
 SKY  91 92 94 93 89 82 78 70 61 27 10  7  3  3  1  4  5  4  5  4  2  3  2  3  1
 SSD   7  8  7  7 15 20 18 24 32 19 12  9  3  4  1  5  6  5  6  5  3  3  3  4  2
 WDR   2  3  3  2  3  3  3  3  2  2  1  1 36 36  1  1  1  1  1  2  2  2  2  3  3
 WSP  18 19 19 19 19 19 17 16 16 16 15 15 15 15 15 15 14 14 13 13 12 11 10  9  8
 WSD   3  3  3  3  3  3  3  2  2  2  2  2  2  3  3  3  2  2  3  3  3  3  3  3  3
 GST  23 24 25 25 24 25 23 22 23 22 22 22 22 21 20 19 18 17 16 16 15 13 12 11 10
 GSD   6  5  5  5  5  5  4  4  4  3  3  3  3  4  4  4  4  4  4  4  4  3  3  3  3
 P01  79 68 27 17 25  7  1  1  1  1  0  0  0  0  0  0  0  0  0  0  0  0  0  0  0
 P06                                19                 1                 0      
 Q01  10  8  1  0  1  0  0  0  0  0  0  0  0  0  0  0  0  0  0  0  0  0  0  0  0
 T01  31  8  5  3  3  1  3  4  3  2  2  1  0  0  0  0  0  0  0  0  0  0  0  0  0
 PZR   0  0  0  0  0  0  0  0  0  0  0  0  0  0  0  0  0  0  0  0  0  0  0  0  0
 PSN   0  0  0  0  0  0  0  0  0  0  0  0  0  0  0  0  0  0  0  0  0  0  0  0  0
 PPL   0  0  0  0  0  0  0  0  0  0  0  0  0  0  0  0  0  0  0  0  0  0  0  0  0
 PRA  73 85 68 52 64 30  8 24 16  0  0  0  0  0  0  0  0  0  0  0  0  0  0  0  0
 S01   0  0  0  0  0  0  0  0  0  0  0  0  0  0  0  0  0  0  0  0  0  0  0  0  0
 SLV 130120120120110110110100100 98 94 89 78 67 58 57 58 58 57 56 55 55 56 57 58
 I01   0  0  0  0  0  0  0  0  0  0  0  0  0  0  0  0  0  0  0  0  0  0  0  0  0
 CIG   6  6  6  6  9 11 13 13 18 27 35 35-88-88-88-88-88-88-88-88-88-88-88-88-88
 MVC  99 95 94 92 81 71 56 54 43 38 31 22 16 12 11  8  7  4  4  4  5  7  8  6  7
 IFC  78 55 65 53 33 25 23 17 12  8  6  3  3  2  1  4  4  3  3  2  4  4  5  4  4
 LIC  10  7 12  8  4  2  4  2  1  2  1  0  0  0  0  0  0  0  0  0  0  1  2  1  1
 LCB   6  6  6  6  9 11 13 13 18 27 35 35 49-88-88-88-88-88-88-88-88-88-88-88-88
 VIS  80 80100100100100100100100100100100100100100100100100100100100100100100100
 MVV  12 14  7  6  7  2  1  1  1  1  2  1  1  1  0  0  0  0  0  1  1  2  2  2  2
 IFV   3  5  1  1  1  0  0  0  0  0  0  0  0  0  0  0  0  0  0  0  0  0  0  0  0
 LIV   0  2  0  0  0  0  0  0  0  0  0  0  0  0  0  0  0  0  0  0  0  0  0  0  0
 MHT  13 20 20 21 20 20 21 22 23 28 35 41 46 45 44 40 32 14  8 10 11 11 11 10  8
 TWD   3  3  4  3  4  4  4  3  2  1  1  1  1  1  1  1  1  1  1  1  1  1  3  3  3
 TWS  18 19 19 21 22 22 22 19 17 18 18 18 18 18 19 17 16 16 16 15 15 13 12 10  9
 HID                                 4                 5                 5      
 SOL   0  0  0  0  1  6 19 35 34 83 89 97 89 76 58 38 20  1  1  1  1  1  1  0  0
                                                                                
